# BRON: KONINKLIJK NEDERLANDS METEOROLOGISCH INSTITUUT (KNMI)
# Opmerking: door stationsverplaatsingen en veranderingen in waarneemmethodieken zijn deze tijdreeksen van dagwaarden mogelijk inhomogeen! Dat betekent dat deze reeks van gemeten waarden niet geschikt is voor trendanalyse. Voor studies naar klimaatverandering verwijzen we naar de gehomogeniseerde reeks maandtemperaturen van De Bilt <http://www.knmi.nl/kennis-en-datacentrum/achtergrond/gehomogeniseerde-reeks-maandtemperaturen-de-bilt> of de Centraal Nederland Temperatuur <http://www.knmi.nl/kennis-en-datacentrum/achtergrond/centraal-nederland-temperatuur-cnt>.
# 
# 
# STN      LON(east)   LAT(north)     ALT(m)  NAME
# 260:         5.180       52.100       1.90  DE BILT
# 
# YYYYMMDD = Datum (YYYY=jaar MM=maand DD=dag); 
# RH       = Etmaalsom van de neerslag (in 0.1 mm) (-1 voor <0.05 mm); 
# 
# STN,YYYYMMDD,   RH
# 
  260,20160701,   22
  260,20160702,   15
  260,20160703,  178
  260,20160704,    0
  260,20160705,   19
  260,20160706,    5
  260,20160707,    0
  260,20160708,   47
  260,20160709,    0
  260,20160710,    0
  260,20160711,    0
  260,20160712,   99
  260,20160713,   42
  260,20160714,    0
  260,20160715,    0
  260,20160716,    0
  260,20160717,   -1
  260,20160718,    0
  260,20160719,    0
  260,20160720,    0
  260,20160721,    0
  260,20160722,  117
  260,20160723,    0
  260,20160724,    0
  260,20160725,    5
  260,20160726,    0
  260,20160727,   64
  260,20160728,    5
  260,20160729,   38
  260,20160730,   72
  260,20160731,    2
  260,20160801,   68
  260,20160802,   83
  260,20160803,   19
  260,20160804,   -1
  260,20160805,    0
  260,20160806,   64
  260,20160807,    0
  260,20160808,    1
  260,20160809,   74
  260,20160810,   13
  260,20160811,   96
  260,20160812,   16
  260,20160813,    0
  260,20160814,    0
  260,20160815,    0
  260,20160816,    0
  260,20160817,    0
  260,20160818,    0
  260,20160819,   34
  260,20160820,   54
  260,20160821,  145
  260,20160822,   32
  260,20160823,    0
  260,20160824,    0
  260,20160825,    0
  260,20160826,    0
  260,20160827,   11
  260,20160828,    4
  260,20160829,    2
  260,20160830,    0
  260,20160831,    0
  260,20160901,    0
  260,20160902,   10
  260,20160903,   10
  260,20160904,   28
  260,20160905,   -1
  260,20160906,    0
  260,20160907,    0
  260,20160908,    0
  260,20160909,    0
  260,20160910,    0
  260,20160911,   12
  260,20160912,    0
  260,20160913,    0
  260,20160914,    0
  260,20160915,   42
  260,20160916,   12
  260,20160917,    0
  260,20160918,    0
  260,20160919,    0
  260,20160920,    0
  260,20160921,    0
  260,20160922,    0
  260,20160923,   -1
  260,20160924,    0
  260,20160925,   35
  260,20160926,    0
  260,20160927,    0
  260,20160928,   -1
  260,20160929,   27
  260,20160930,   -1
  260,20161001,   10
  260,20161002,  107
  260,20161003,   -1
  260,20161004,    0
  260,20161005,    0
  260,20161006,    0
  260,20161007,    0
  260,20161008,   -1
  260,20161009,    4
  260,20161010,    0
  260,20161011,   -1
  260,20161012,    0
  260,20161013,    0
  260,20161014,   47
  260,20161015,   41
  260,20161016,   -1
  260,20161017,    2
  260,20161018,  117
  260,20161019,  134
  260,20161020,    9
  260,20161021,    2
  260,20161022,    0
  260,20161023,    0
  260,20161024,    0
  260,20161025,    0
  260,20161026,   -1
  260,20161027,    0
  260,20161028,   -1
  260,20161029,    0
  260,20161030,    0
  260,20161031,    0
  260,20161101,    2
  260,20161102,   42
  260,20161103,    6
  260,20161104,   27
  260,20161105,   31
  260,20161106,   51
  260,20161107,   17
  260,20161108,   15
  260,20161109,   37
  260,20161110,  139
  260,20161111,    2
  260,20161112,    8
  260,20161113,   17
  260,20161114,   39
  260,20161115,   35
  260,20161116,   56
  260,20161117,  120
  260,20161118,    7
  260,20161119,   -1
  260,20161120,   46
  260,20161121,   49
  260,20161122,    0
  260,20161123,    0
  260,20161124,    0
  260,20161125,    0
  260,20161126,    0
  260,20161127,   -1
  260,20161128,    0
  260,20161129,    0
  260,20161130,    0
  260,20161201,   -1
  260,20161202,    9
  260,20161203,    0
  260,20161204,    0
  260,20161205,    0
  260,20161206,    0
  260,20161207,    0
  260,20161208,    1
  260,20161209,    0
  260,20161210,   49
  260,20161211,   17
  260,20161212,    0
  260,20161213,    1
  260,20161214,    0
  260,20161215,    0
  260,20161216,    0
  260,20161217,   -1
  260,20161218,    0
  260,20161219,    0
  260,20161220,    0
  260,20161221,   24
  260,20161222,   15
  260,20161223,    8
  260,20161224,   10
  260,20161225,    5
  260,20161226,   19
  260,20161227,   11
  260,20161228,    0
  260,20161229,   -1
  260,20161230,   -1
  260,20161231,    2
  260,20170101,   19
  260,20170102,    5
  260,20170103,    7
  260,20170104,   18
  260,20170105,   -1
  260,20170106,    0
  260,20170107,   52
  260,20170108,    0
  260,20170109,   48
  260,20170110,   38
  260,20170111,    5
  260,20170112,  143
  260,20170113,   96
  260,20170114,   51
  260,20170115,    0
  260,20170116,   -1
  260,20170117,    0
  260,20170118,   -1
  260,20170119,    0
  260,20170120,    0
  260,20170121,    0
  260,20170122,    0
  260,20170123,   -1
  260,20170124,    3
  260,20170125,    0
  260,20170126,    0
  260,20170127,    0
  260,20170128,   -1
  260,20170129,   36
  260,20170130,   65
  260,20170131,    0
  260,20170201,   12
  260,20170202,   10
  260,20170203,    1
  260,20170204,   83
  260,20170205,   -1
  260,20170206,    0
  260,20170207,   25
  260,20170208,    2
  260,20170209,   -1
  260,20170210,    2
  260,20170211,   45
  260,20170212,    3
  260,20170213,    0
  260,20170214,    0
  260,20170215,   -1
  260,20170216,    5
  260,20170217,    6
  260,20170218,    0
  260,20170219,    6
  260,20170220,   53
  260,20170221,    3
  260,20170222,  175
  260,20170223,  145
  260,20170224,    6
  260,20170225,    7
  260,20170226,   21
  260,20170227,  138
  260,20170228,   28
  260,20170301,   35
  260,20170302,   84
  260,20170303,   11
  260,20170304,   61
  260,20170305,   38
  260,20170306,   23
  260,20170307,    1
  260,20170308,  137
  260,20170309,    1
  260,20170310,    0
  260,20170311,    0
  260,20170312,    0
  260,20170313,    0
  260,20170314,    0
  260,20170315,    0
  260,20170316,    0
  260,20170317,   57
  260,20170318,   62
  260,20170319,    2
  260,20170320,   94
  260,20170321,   -1
  260,20170322,    0
  260,20170323,    0
  260,20170324,    0
  260,20170325,    0
  260,20170326,    0
  260,20170327,    0
  260,20170328,    1
  260,20170329,   -1
  260,20170330,    0
  260,20170331,   14
  260,20170401,   -1
  260,20170402,    0
  260,20170403,    0
  260,20170404,    0
  260,20170405,    0
  260,20170406,   -1
  260,20170407,    0
  260,20170408,    0
  260,20170409,    0
  260,20170410,    0
  260,20170411,    0
  260,20170412,    8
  260,20170413,   -1
  260,20170414,   -1
  260,20170415,   34
  260,20170416,   29
  260,20170417,   86
  260,20170418,   -1
  260,20170419,    0
  260,20170420,    0
  260,20170421,    8
  260,20170422,    6
  260,20170423,    1
  260,20170424,   27
  260,20170425,   20
  260,20170426,    3
  260,20170427,    2
  260,20170428,   19
  260,20170429,   -1
  260,20170430,    0
  260,20170501,    9
  260,20170502,   47
  260,20170503,   35
  260,20170504,   -1
  260,20170505,   -1
  260,20170506,    0
  260,20170507,    0
  260,20170508,   -1
  260,20170509,    0
  260,20170510,    0
  260,20170511,    3
  260,20170512,  125
  260,20170513,  100
  260,20170514,   19
  260,20170515,   -1
  260,20170516,   -1
  260,20170517,    0
  260,20170518,    3
  260,20170519,    1
  260,20170520,   12
  260,20170521,    0
  260,20170522,    0
  260,20170523,    0
  260,20170524,    0
  260,20170525,    0
  260,20170526,    0
  260,20170527,    0
  260,20170528,    0
  260,20170529,    3
  260,20170530,    0
  260,20170531,    0
  260,20170601,    0
  260,20170602,    0
  260,20170603,   21
  260,20170604,    0
  260,20170605,    0
  260,20170606,  105
  260,20170607,   51
  260,20170608,    3
  260,20170609,  212
  260,20170610,    0
  260,20170611,   -1
  260,20170612,   -1
  260,20170613,    0
  260,20170614,    0
  260,20170615,    0
  260,20170616,    0
  260,20170617,    0
  260,20170618,    0
  260,20170619,    0
  260,20170620,    0
  260,20170621,    0
  260,20170622,   13
  260,20170623,    0
  260,20170624,   55
  260,20170625,   46
  260,20170626,    0
  260,20170627,   28
  260,20170628,   31
  260,20170629,    1
  260,20170630,   42
