# BRON: KONINKLIJK NEDERLANDS METEOROLOGISCH INSTITUUT (KNMI)
# Opmerking: door stationsverplaatsingen en veranderingen in waarneemmethodieken zijn deze tijdreeksen van dagwaarden mogelijk inhomogeen! Dat betekent dat deze reeks van gemeten waarden niet geschikt is voor trendanalyse. Voor studies naar klimaatverandering verwijzen we naar de gehomogeniseerde reeks maandtemperaturen van De Bilt <http://www.knmi.nl/kennis-en-datacentrum/achtergrond/gehomogeniseerde-reeks-maandtemperaturen-de-bilt> of de Centraal Nederland Temperatuur <http://www.knmi.nl/kennis-en-datacentrum/achtergrond/centraal-nederland-temperatuur-cnt>.
# 
# 
# STN      LON(east)   LAT(north)     ALT(m)  NAME
# 240:         4.790       52.318      -3.30  SCHIPHOL
# 260:         5.180       52.100       1.90  DE BILT
# 
# YYYYMMDD = Datum (YYYY=jaar MM=maand DD=dag); 
# TG       = Etmaalgemiddelde temperatuur (in 0.1 graden Celsius); 
# TN       = Minimum temperatuur (in 0.1 graden Celsius); 
# TX       = Maximum temperatuur (in 0.1 graden Celsius); 
# 
# STN,YYYYMMDD,   TG,   TN,   TX
# 
  240,20170101,   16,    0,   32
  240,20170102,   32,   -1,   67
  240,20170103,   57,   16,   74
  240,20170104,   59,   24,   76
  240,20170105,    3,  -43,   40
  240,20170106,  -25,  -59,   -2
  240,20170107,    7,  -13,   35
  240,20170108,   44,   11,   72
  240,20170109,   54,   39,   66
  240,20170110,   57,   31,   74
  240,20170111,   72,   49,   98
  240,20170112,   53,    2,   79
  240,20170113,   37,    2,   62
  240,20170114,   25,    0,   49
  240,20170115,   11,  -33,   36
  240,20170116,   -8,  -50,   33
  240,20170117,  -35,  -67,    4
  240,20170118,  -34,  -62,  -16
  240,20170119,  -14,  -57,   48
  240,20170120,    3,  -51,   48
  240,20170121,    4,  -49,   46
  240,20170122,  -16,  -69,   37
  240,20170123,    0,  -63,   32
  240,20170124,   13,   -3,   31
  240,20170125,   -9,  -41,    7
  240,20170126,  -25,  -48,   -1
  240,20170127,    8,  -42,   47
  240,20170128,   57,   24,   94
  240,20170129,   44,   29,   61
  240,20170130,   50,   31,   71
  240,20170131,   40,   31,   57
  240,20170201,   37,    4,   64
  240,20170202,   89,   57,  129
  240,20170203,   84,   62,  114
  240,20170204,   54,   25,   72
  240,20170205,   40,   16,   61
  240,20170206,   44,   16,   62
  240,20170207,   24,    9,   41
  240,20170208,   -1,   -9,    9
  240,20170209,  -14,  -20,   -8
  240,20170210,  -22,  -40,  -15
  240,20170211,   -4,  -16,    8
  240,20170212,    3,  -13,   20
  240,20170213,   16,  -15,   53
  240,20170214,   37,   -3,   89
  240,20170215,   68,   11,  129
  240,20170216,   62,   30,   95
  240,20170217,   69,   51,   82
  240,20170218,   43,   17,   88
  240,20170219,   64,   20,  101
  240,20170220,   91,   73,  110
  240,20170221,   91,   71,  106
  240,20170222,   89,   73,  101
  240,20170223,   77,   41,  105
  240,20170224,   44,   -1,   82
  240,20170225,   58,   11,   87
  240,20170226,   87,   69,  106
  240,20170227,   83,   43,  102
  240,20170228,   44,   21,   66
  240,20170301,   61,   36,   89
  240,20170302,   63,   28,   84
  240,20170303,   58,   12,   89
  240,20170304,   86,   60,  131
  240,20170305,   68,   41,  110
  240,20170306,   59,   25,  100
  240,20170307,   66,   41,   90
  240,20170308,   59,   21,  101
  240,20170309,   73,   11,  122
  240,20170310,   66,   -5,  116
  240,20170311,   77,   25,  125
  240,20170312,   89,   44,  152
  240,20170313,   63,    5,  123
  240,20170314,   81,   33,  136
  240,20170315,   89,   43,  135
  240,20170316,   99,   28,  165
  240,20170317,   81,   65,  105
  240,20170318,   91,   76,  115
  240,20170319,  113,   95,  136
  240,20170320,  103,   82,  113
  240,20170321,   71,   29,   95
  240,20170322,   71,   12,  128
  240,20170323,   82,   19,  132
  240,20170324,   86,   48,  132
  240,20170325,   87,   39,  135
  240,20170326,   81,   54,  115
  240,20170327,  104,   24,  179
  240,20170328,  117,   34,  199
  240,20170329,  124,  105,  144
  240,20170330,  157,   96,  215
  240,20170331,  138,   80,  219
  240,20170401,  101,   58,  138
  240,20170402,  100,   50,  158
  240,20170403,   91,   52,  132
  240,20170404,   99,   45,  166
  240,20170405,   90,   54,  123
  240,20170406,   80,   48,  117
  240,20170407,  106,   76,  147
  240,20170408,  102,   50,  153
  240,20170409,  127,   45,  203
  240,20170410,   92,   39,  132
  240,20170411,   98,   38,  135
  240,20170412,   99,   70,  115
  240,20170413,   87,   43,  124
  240,20170414,   99,   42,  134
  240,20170415,   93,   53,  116
  240,20170416,   77,   47,  108
  240,20170417,   67,   27,  112
  240,20170418,   64,   17,  110
  240,20170419,   51,    3,   94
  240,20170420,   75,    0,  121
  240,20170421,  108,   74,  137
  240,20170422,   78,   40,  114
  240,20170423,   71,   28,  114
  240,20170424,   92,   60,  124
  240,20170425,   60,   29,   99
  240,20170426,   57,   -2,  110
  240,20170427,   69,    4,  106
  240,20170428,   78,   43,  118
  240,20170429,   82,   21,  137
  240,20170430,  130,   52,  192
  240,20170501,  119,   92,  144
  240,20170502,  113,   79,  154
  240,20170503,  109,   79,  143
  240,20170504,  106,   86,  128
  240,20170505,   94,   78,  111
  240,20170506,  124,   67,  175
  240,20170507,  111,   85,  156
  240,20170508,   98,   38,  154
  240,20170509,   86,   29,  132
  240,20170510,   93,   38,  143
  240,20170511,  157,   54,  230
  240,20170512,  154,  123,  204
  240,20170513,  139,   92,  182
  240,20170514,  138,   86,  202
  240,20170515,  149,   73,  206
  240,20170516,  201,  159,  258
  240,20170517,  223,  161,  285
  240,20170518,  152,  130,  207
  240,20170519,  129,   97,  164
  240,20170520,  134,   90,  175
  240,20170521,  144,   72,  199
  240,20170522,  180,   97,  241
  240,20170523,  154,  115,  190
  240,20170524,  155,  100,  211
  240,20170525,  172,   91,  222
  240,20170526,  204,  122,  256
  240,20170527,  223,  165,  306
  240,20170528,  189,  146,  234
  240,20170529,  207,  153,  269
  240,20170530,  172,  155,  194
  240,20170531,  166,  113,  208
  240,20170601,  170,   87,  229
  240,20170602,  203,  126,  250
  240,20170603,  177,  135,  221
  240,20170604,  154,  111,  190
  240,20170605,  170,  114,  212
  240,20170606,  144,  112,  178
  240,20170607,  143,  121,  182
  240,20170608,  163,  121,  225
  240,20170609,  161,  128,  191
  240,20170610,  180,  118,  236
  240,20170611,  197,  129,  269
  240,20170612,  163,  145,  191
  240,20170613,  162,  114,  201
  240,20170614,  181,  102,  238
  240,20170615,  198,  147,  256
  240,20170616,  161,  133,  184
  240,20170617,  186,  149,  229
  240,20170618,  214,  124,  274
  240,20170619,  242,  168,  298
  240,20170620,  211,  158,  252
  240,20170621,  207,  139,  264
  240,20170622,  216,  165,  284
  240,20170623,  186,  163,  214
  240,20170624,  181,  164,  201
  240,20170625,  173,  158,  196
  240,20170626,  161,  120,  195
  240,20170627,  175,  114,  225
  240,20170628,  179,  145,  225
  240,20170629,  171,  137,  209
  240,20170630,  164,  121,  196
  240,20170701,  163,  131,  204
  240,20170702,  158,  106,  195
  240,20170703,  172,  105,  222
  240,20170704,  182,  135,  228
  240,20170705,  190,  132,  239
  240,20170706,  204,  133,  268
  240,20170707,  198,  164,  248
  240,20170708,  181,  115,  230
  240,20170709,  178,   99,  229
  240,20170710,  192,  154,  250
  240,20170711,  182,  153,  211
  240,20170712,  155,  122,  192
  260,20170101,    5,   -8,   19
  260,20170102,   30,   -3,   68
  260,20170103,   50,   15,   71
  260,20170104,   58,   26,   73
  260,20170105,    0,  -59,   33
  260,20170106,  -30,  -65,   -3
  260,20170107,   -2,  -21,   34
  260,20170108,   43,   28,   61
  260,20170109,   48,   33,   59
  260,20170110,   53,   29,   66
  260,20170111,   72,   57,  104
  260,20170112,   52,    2,   74
  260,20170113,   31,    2,   56
  260,20170114,   18,    1,   48
  260,20170115,    7,  -18,   48
  260,20170116,  -16,  -44,   12
  260,20170117,  -34,  -50,   13
  260,20170118,  -38,  -53,  -19
  260,20170119,  -20,  -56,   35
  260,20170120,   -3,  -52,   51
  260,20170121,   -2,  -52,   50
  260,20170122,  -17,  -74,   37
  260,20170123,   16,   -3,   31
  260,20170124,    8,    0,   21
  260,20170125,  -11,  -43,    6
  260,20170126,  -28,  -53,    6
  260,20170127,    8,  -70,   51
  260,20170128,   54,   20,   81
  260,20170129,   47,   31,   65
  260,20170130,   49,   28,   72
  260,20170131,   37,   26,   61
  260,20170201,   34,    5,   54
  260,20170202,   86,   52,  125
  260,20170203,   86,   63,  119
  260,20170204,   57,   26,   74
  260,20170205,   44,  -11,   77
  260,20170206,   43,  -10,   66
  260,20170207,   24,    9,   39
  260,20170208,    0,  -11,    9
  260,20170209,  -16,  -30,  -10
  260,20170210,  -23,  -45,  -13
  260,20170211,   -4,  -17,   10
  260,20170212,    7,   -6,   25
  260,20170213,   22,  -14,   71
  260,20170214,   38,   -5,   94
  260,20170215,   74,    3,  135
  260,20170216,   68,   55,   99
  260,20170217,   70,   52,   86
  260,20170218,   56,   32,  103
  260,20170219,   62,   32,   92
  260,20170220,   91,   72,  109
  260,20170221,   96,   86,  111
  260,20170222,   95,   78,  108
  260,20170223,   80,   42,  105
  260,20170224,   45,   -6,   87
  260,20170225,   58,   18,   89
  260,20170226,   87,   67,  106
  260,20170227,   87,   43,  106
  260,20170228,   47,   32,   65
  260,20170301,   63,   32,   94
  260,20170302,   66,   42,   82
  260,20170303,   59,   12,   88
  260,20170304,   92,   62,  132
  260,20170305,   69,   38,  106
  260,20170306,   60,   32,   95
  260,20170307,   67,   45,   94
  260,20170308,   59,    8,  106
  260,20170309,   77,    7,  128
  260,20170310,   65,   -9,  112
  260,20170311,   73,   15,  130
  260,20170312,   79,   14,  148
  260,20170313,   65,   -5,  137
  260,20170314,   88,   32,  149
  260,20170315,   90,   16,  139
  260,20170316,   94,   11,  168
  260,20170317,   83,   67,  103
  260,20170318,   97,   74,  127
  260,20170319,  113,   98,  127
  260,20170320,  103,   88,  115
  260,20170321,   75,   13,   98
  260,20170322,   63,   -3,  124
  260,20170323,   82,   19,  140
  260,20170324,   84,   31,  142
  260,20170325,   85,   21,  143
  260,20170326,   80,   33,  130
  260,20170327,   92,   18,  174
  260,20170328,  113,    6,  197
  260,20170329,  126,  103,  147
  260,20170330,  157,  108,  218
  260,20170331,  145,   89,  218
  260,20170401,  108,   60,  141
  260,20170402,  103,   44,  169
  260,20170403,   81,   27,  143
  260,20170404,   98,   22,  165
  260,20170405,   92,   62,  128
  260,20170406,   81,   38,  118
  260,20170407,  105,   73,  138
  260,20170408,   96,   29,  155
  260,20170409,  117,    8,  210
  260,20170410,   98,   41,  155
  260,20170411,   96,   23,  138
  260,20170412,   98,   83,  119
  260,20170413,   93,   60,  133
  260,20170414,   99,   65,  130
  260,20170415,   96,   65,  121
  260,20170416,   79,   50,  108
  260,20170417,   65,   27,  109
  260,20170418,   61,    8,  111
  260,20170419,   39,  -13,   83
  260,20170420,   69,  -34,  129
  260,20170421,  111,   82,  149
  260,20170422,   78,   40,  113
  260,20170423,   66,   20,  114
  260,20170424,   93,   52,  130
  260,20170425,   59,   21,   99
  260,20170426,   50,  -14,  104
  260,20170427,   61,  -20,  109
  260,20170428,   76,   30,  117
  260,20170429,   76,    5,  140
  260,20170430,  123,   33,  184
  260,20170501,  117,   82,  137
  260,20170502,  100,   47,  152
  260,20170503,  107,   77,  152
  260,20170504,  104,   77,  133
  260,20170505,   89,   66,  111
  260,20170506,  128,   59,  188
  260,20170507,  117,   86,  162
  260,20170508,   97,   43,  153
  260,20170509,   80,   11,  138
  260,20170510,   90,   -1,  159
  260,20170511,  154,   47,  228
  260,20170512,  155,  120,  212
  260,20170513,  140,   85,  190
  260,20170514,  134,   66,  199
  260,20170515,  149,   55,  212
  260,20170516,  204,  152,  262
  260,20170517,  223,  144,  284
  260,20170518,  165,  144,  211
  260,20170519,  136,  105,  167
  260,20170520,  125,   74,  173
  260,20170521,  144,   54,  202
  260,20170522,  176,   81,  246
  260,20170523,  161,   99,  210
  260,20170524,  159,   90,  223
  260,20170525,  174,   92,  230
  260,20170526,  203,  110,  266
  260,20170527,  229,  160,  319
  260,20170528,  205,  149,  266
  260,20170529,  219,  154,  286
  260,20170530,  183,  155,  212
  260,20170531,  174,  107,  222
  260,20170601,  166,   75,  234
  260,20170602,  198,  108,  266
  260,20170603,  184,  143,  237
  260,20170604,  154,   87,  195
  260,20170605,  171,   84,  229
  260,20170606,  141,  110,  174
  260,20170607,  140,  113,  174
  260,20170608,  168,  117,  232
  260,20170609,  165,  130,  196
  260,20170610,  178,  117,  239
  260,20170611,  199,  121,  271
  260,20170612,  161,  145,  178
  260,20170613,  163,   93,  208
  260,20170614,  174,   75,  244
  260,20170615,  200,  120,  264
  260,20170616,  162,  129,  180
  260,20170617,  186,  129,  232
  260,20170618,  208,  111,  278
  260,20170619,  236,  137,  309
  260,20170620,  216,  149,  274
  260,20170621,  214,  131,  291
  260,20170622,  229,  171,  308
  260,20170623,  196,  168,  232
  260,20170624,  171,  163,  179
  260,20170625,  175,  154,  190
  260,20170626,  168,  123,  206
  260,20170627,  173,  113,  218
  260,20170628,  180,  150,  219
  260,20170629,  175,  133,  217
  260,20170630,  162,  116,  208
  260,20170701,  161,  139,  210
  260,20170702,  156,   89,  196
  260,20170703,  166,   81,  220
  260,20170704,  186,  150,  232
  260,20170705,  190,  120,  248
  260,20170706,  199,  108,  265
  260,20170707,  206,  153,  260
  260,20170708,  186,  113,  245
  260,20170709,  172,   91,  232
  260,20170710,  196,  140,  259
  260,20170711,  177,  153,  207
  260,20170712,  149,   89,  182
